2.2355221e+00 1.0000000e+00
2.3743069e+00 1.0000000e+00
2.3131958e+00 1.0000000e+00
1.9001678e+00 1.0000000e+00
1.8478210e+00 1.0000000e+00
2.1594532e+00 1.0000000e+00
2.2533982e+00 1.0000000e+00
1.9235871e+00 1.0000000e+00
2.2645318e+00 1.0000000e+00
2.3856146e+00 1.0000000e+00
2.3558011e+00 1.0000000e+00
2.2939047e+00 1.0000000e+00
2.4516722e+00 1.0000000e+00
2.1068432e+00 1.0000000e+00
2.6320997e+00 1.0000000e+00
2.0707796e+00 1.0000000e+00
2.2633630e+00 1.0000000e+00
2.1999975e+00 1.0000000e+00
2.0107376e+00 1.0000000e+00
2.4604789e+00 1.0000000e+00
2.8165148e+00 2.0000000e+00
2.3078638e+00 2.0000000e+00
2.8667503e+00 2.0000000e+00
2.1500350e+00 2.0000000e+00
4.4369602e+00 2.0000000e+00
4.3058035e+00 2.0000000e+00
2.3901324e+00 2.0000000e+00
2.7879492e+00 2.0000000e+00
2.5505558e+00 2.0000000e+00
3.8433524e+00 2.0000000e+00
3.2943395e+00 2.0000000e+00
3.1287852e+00 2.0000000e+00
3.3349308e+00 2.0000000e+00
2.9830873e+00 2.0000000e+00
3.5098480e+00 2.0000000e+00
2.9560982e+00 2.0000000e+00
3.9689013e+00 2.0000000e+00
2.6112004e+00 2.0000000e+00
2.5760721e+00 2.0000000e+00
1.7136957e+00 2.0000000e+00
3.0564457e+00 2.0000000e+00
3.2426453e+00 2.0000000e+00
3.2912741e+00 2.0000000e+00
2.6532673e+00 2.0000000e+00
4.8656621e+00 2.0000000e+00
2.8671492e+00 2.0000000e+00
2.8935306e+00 2.0000000e+00
2.6930050e+00 2.0000000e+00
2.3373342e+00 2.0000000e+00
3.0257218e+00 2.0000000e+00
